-350.452061 -993.460177
888.884716 -990.610814
146.614003 -991.175505
152.280911 -989.838690
-70.721111 -990.733407
973.401676 -978.315709
763.400045 -980.609960
287.460139 -984.767498
251.693184 -982.911122
981.981545 -966.012508
444.148611 -970.537619
374.129541 -967.711981
232.665635 -968.563434
905.690219 -926.216203
914.429922 -922.485071
318.552872 -948.433303
522.466610 -934.629586
604.698848 -928.923660
570.748771 -930.253654
916.811412 -902.336777
487.098489 -925.253844
519.556443 -921.588249
915.350538 -887.672241
-14.905216 -961.710728
635.463495 -899.432630
548.689323 -895.793656
581.255233 -891.967281
666.644179 -881.767685
830.121109 -863.245096
539.920093 -893.969003
780.937182 -865.242955
480.857681 -895.507911
962.111424 -838.257439
714.429607 -852.289676
469.977880 -884.148013
800.921632 -832.645853
900.640628 -813.559847
994.575510 -798.410532
-96.532968 -955.292090
31.391334 -935.454617
568.828667 -852.433808
813.647243 -807.048767
926.448000 -788.521958
323.733566 -882.084424
989.018232 -767.269006
900.590213 -773.722932
791.530677 -792.150198
-177.053927 -962.147715
583.462237 -824.029890
523.163495 -832.673283
542.901921 -827.039999
397.546225 -851.954750
131.887783 -901.600838
445.782707 -838.638434
928.971807 -744.031794
746.989467 -778.689710
805.004233 -760.452158
566.685428 -805.965342
10.660182 -914.317698
807.743041 -738.443170
803.715689 -736.184843
104.102485 -891.081408
934.347702 -702.135825
382.812875 -824.635303
716.136960 -743.599664
947.389442 -683.234933
229.162728 -851.163255
376.243209 -809.690764
574.948765 -755.728986
788.032632 -699.967402
352.314070 -811.199457
253.235689 -832.968490
806.147454 -685.148627
733.170869 -703.556631
347.738699 -802.825822
534.604142 -751.800667
503.127999 -760.365689
907.647647 -641.815431
338.423535 -792.893101
80.021719 -866.053913
69.098593 -868.292201
409.806871 -765.193823
967.688729 -589.540181
590.774943 -695.615237
785.052551 -634.024914
996.533901 -565.143457
139.084390 -836.882662
321.298010 -778.034757
-261.331336 -964.866530
559.480273 -695.365042
480.497722 -721.171787
642.704847 -662.589155
314.385334 -763.309426
532.907702 -687.057351
387.090318 -735.586300
554.866495 -676.236240
363.311880 -741.321590
534.938007 -678.261357
446.826338 -707.064839
943.315625 -524.072674
482.729417 -690.635660
27.005442 -855.363018
582.140803 -651.561355
585.684015 -647.083267
756.432202 -570.999869
939.076058 -489.938356
-18.881682 -862.131795
862.800570 -505.595647
-149.513648 -912.555470
239.245914 -755.913914
773.719635 -540.430225
-57.585853 -873.046906
634.802048 -569.534943
41.992865 -824.040063
876.130796 -462.942603
285.723628 -716.881741
67.896245 -809.258787
435.972869 -640.942896
906.736633 -416.076527
601.080726 -555.653908
119.347567 -776.580789
677.711631 -511.679091
361.301524 -658.058814
-153.399778 -899.941167
222.415995 -719.332161
332.668092 -665.110311
961.278284 -361.916384
923.766437 -378.238291
220.728436 -715.921250
943.297311 -358.705178
508.123685 -571.713086
-54.391301 -846.557906
934.726659 -351.165730
216.672815 -709.207068
828.188230 -400.081371
965.018217 -326.165190
251.996637 -678.044118
368.638218 -610.465374
924.288451 -312.617999
366.397187 -595.083293
619.373910 -449.254619
236.595201 -658.365551
27.888862 -777.153994
256.599141 -645.347696
379.990780 -573.610133
960.666089 -207.552013
911.260501 -237.157852
338.939339 -578.632389
658.333539 -380.625279
314.670929 -589.163193
715.551215 -343.780867
608.566660 -408.085585
410.746510 -527.151796
818.261880 -275.159048
16.068222 -764.584708
166.210435 -670.213535
832.188003 -252.819878
724.900675 -319.531837
316.580036 -574.905364
421.642826 -498.141568
644.347614 -353.022106
807.204082 -222.242183
774.365102 -243.482243
941.830379 -129.942072
655.349388 -317.722221
705.022341 -276.951012
919.044108 -127.183165
681.166133 -284.834190
792.476566 -176.235625
428.475124 -432.331830
605.106840 -302.940201
552.222449 -340.589024
388.417652 -457.622786
562.044057 -326.625066
429.211840 -421.024258
641.948000 -260.452814
768.332763 -155.169749
989.944539 20.913453
151.631647 -612.930222
319.841903 -481.292640
791.540721 -106.040183
810.155732 -90.763881
419.056431 -387.841804
770.932465 -110.603493
971.944352 50.680007
642.639315 -195.922809
715.327622 -135.060920
666.193087 -173.345191
839.531693 -31.780028
475.997418 -323.997382
128.028356 -605.683966
430.482104 -359.427609
676.704197 -154.563633
974.064997 97.586282
997.472157 120.283215
-12.559540 -713.244825
75.711706 -639.483568
818.694710 -17.535921
634.341300 -159.969128
786.067572 -27.245665
612.282356 -173.428066
940.484563 106.634425
911.143042 86.083687
284.907040 -441.611330
186.549729 -526.561714
366.388954 -363.034247
793.056363 14.978987
86.221341 -602.796408
970.016960 193.878632
413.384348 -306.199681
449.567461 -271.925496
523.455699 -205.087725
898.603147 135.020152
559.643344 -167.468602
193.178340 -499.370983
699.822786 -36.630720
596.121718 -113.820119
584.189836 -124.422591
-111.084972 -769.331898
645.590315 -60.660300
-58.682310 -719.263602
911.762040 193.164671
892.678879 179.473026
271.445298 -406.329811
880.712488 174.961542
581.833349 -104.044638
855.580171 157.713735
137.599170 -523.825844
323.727825 -343.795633
964.019248 279.846218
879.190816 202.161483
417.955773 -244.317904
562.989652 -92.610283
704.033441 50.496262
510.382318 -136.552320
278.200570 -363.432303
622.380647 -14.222965
-95.683981 -736.792034
293.773463 -338.629862
628.485842 6.019565
368.073422 -253.734396
909.061729 318.239642
687.085279 89.936740
931.678781 349.637229
500.025666 -102.377443
410.507968 -193.062247
933.084169 357.357373
771.482315 187.931635
147.957569 -467.041271
692.070507 110.940513
575.638830 -11.564727
382.502320 -214.699930
444.291700 -146.810568
695.200798 121.676773
391.173073 -200.882500
866.676891 308.825319
525.844139 -47.860725
977.782421 440.072792
514.456238 -58.826005
567.269158 -1.494364
643.726187 87.888411
349.448982 -228.228612
-37.354958 -649.599126
828.825922 305.971469
991.799238 493.259326
600.709967 69.938633
295.224155 -268.536154
120.966714 -463.219580
781.478005 279.879684
903.765711 418.082233
687.243486 179.854798
776.979542 282.230648
909.226103 432.288028
69.218122 -513.854739
714.679022 229.963790
427.967940 -98.705923
668.209058 181.015249
-115.489973 -722.158540
880.047585 430.235706
955.311215 527.137963
580.250247 91.002444
961.685704 538.475812
536.943875 45.835454
340.891081 -182.391092
690.736772 232.643591
543.022197 61.552201
616.981551 149.737147
580.194064 107.907474
112.806491 -445.085930
729.541790 287.201850
986.644931 592.881080
642.248966 185.051881
275.342176 -248.824268
942.633669 553.470954
-81.324041 -671.050236
44.372854 -520.373410
157.164203 -385.052494
866.529955 480.363305
127.515528 -413.586602
702.417495 291.427670
-277.839938 -904.580895
595.191881 164.705333
-88.725776 -672.809381
318.463057 -170.576404
165.737950 -358.220106
927.686421 592.118130
518.602350 84.988110
475.515004 32.842956
636.492273 236.056934
-215.630082 -824.498954
953.954240 646.648115
375.537973 -80.427221
411.860211 -33.519337
652.897571 270.465524
663.788287 285.010906
805.742602 471.179588
458.075270 31.030717
389.151325 -56.277107
895.997873 587.553791
907.411785 608.687101
378.594586 -60.949418
512.682611 113.436699
-81.380365 -647.174896
537.460076 149.255726
254.450584 -214.219518
472.318700 67.094410
969.075310 717.121683
806.088209 513.285412
891.836461 633.630345
822.491547 545.020631
513.483621 140.314243
858.810837 595.643998
206.929798 -260.986633
445.456708 57.090297
386.710390 -20.227566
606.543929 270.329554
881.268300 637.963926
639.444313 319.874741
652.817533 341.970885
22.582062 -494.305682
734.589512 462.784622
21.256517 -493.400793
25.682486 -485.793555
680.256819 403.869000
476.480474 128.496847
97.021914 -385.011696
157.758541 -293.804165
474.753784 143.048395
56.395126 -432.780814
827.228321 630.622211
843.325306 667.075784
159.066732 -283.864799
566.284972 288.250037
-127.920049 -681.490148
957.243870 848.556071
-3.469588 -504.580420
825.459250 663.751521
559.445424 298.115529
787.213020 625.294863
500.161097 219.821999
974.046530 897.390127
782.363327 623.784815
134.637134 -300.484804
768.821263 619.521597
926.381630 850.726765
340.207674 8.552528
174.518139 -231.373064
996.480375 965.610642
519.765143 273.613833
-293.580212 -910.468689
98.575305 -337.469357
925.204728 870.184969
464.245560 203.713520
741.365833 611.448086
951.967269 934.203031
430.054169 164.227362
955.974076 946.460967
337.336655 31.604772
608.718594 437.267382
966.443217 986.302581
15.982652 -442.185643
407.063140 148.220495
302.083898 -8.206996
455.813287 223.983927
390.525231 129.266179
446.662155 217.668679
278.381009 -37.262317
280.507287 -33.049884
820.084979 794.975999
562.989428 404.912044
413.014322 177.980157
818.241879 806.452149
932.114123 985.801288
607.815599 488.523591
842.382619 862.577491
821.474238 832.185502
533.553177 390.898321
859.743882 908.087681
751.962743 740.100838
789.316262 804.419666
524.553511 388.531238
670.636514 636.895151
891.427878 996.808381
170.026350 -157.525343
351.075823 134.108850
72.894838 -312.015807
158.430427 -171.249214
800.987515 869.109793
85.742315 -286.928788
626.273997 595.192243
819.424917 910.817701
863.392644 987.931484
285.684112 51.898047
558.162095 507.869659
479.672161 381.504077
657.598813 677.815921
780.430138 881.852841
-22.932746 -450.061192
544.907542 494.509752
367.604991 202.038943
464.338201 370.094167
-129.208512 -622.814706
513.852840 455.742943
700.928541 774.679248
560.783451 543.784353
2.436063 -398.034087
418.191258 310.550575
303.270357 115.721541
375.740528 238.748569
296.707486 114.401604
448.478507 376.959873
579.462044 612.526079
767.290818 944.074915
399.672311 307.370794
99.616579 -207.996146
416.794396 353.346066
618.494269 714.698907
-214.228649 -752.972087
409.904103 355.481490
583.127033 664.349346
742.938690 951.512480
710.337915 894.705958
129.710088 -138.373199
705.281964 902.091021
358.806900 285.413134
378.687607 321.797677
577.686794 685.980731
644.811937 811.635445
264.116759 127.376672
107.569904 -155.455529
587.340081 729.094699
-151.732810 -628.119221
203.965604 27.904104
192.728243 8.211901
432.669709 456.884559
688.567981 938.333700
382.336056 371.726616
578.644469 757.350642
350.359712 330.015850
155.822632 -37.015757
-19.464185 -366.722628
504.419016 650.583321
370.704014 396.957454
639.110447 932.020901
108.434986 -100.131346
396.875688 462.380181
496.285728 656.975177
640.682057 961.631112
479.370495 652.294068
404.141532 504.902701
160.963635 24.334160
208.562711 119.558480
615.871784 933.726998
211.024390 135.283696
257.769027 237.572031
508.590964 755.308276
590.244095 924.474539
584.182333 916.290271
411.974410 584.091181
65.908582 -130.911502
126.216699 8.263619
304.049432 384.089785
9.869014 -234.900250
503.895306 819.435681
214.542012 216.164846
380.143976 573.245931
572.383659 987.512566
-124.058011 -506.168419
214.246222 224.558804
-82.960931 -416.316553
456.108894 758.177752
479.017193 811.952990
-32.803426 -301.704828
37.537085 -142.274857
459.897740 790.838400
-4.931259 -227.927944
198.036617 228.590078
108.846935 34.352676
-50.689535 -320.830312
365.298680 649.455940
475.586088 908.565901
480.904008 921.152677
86.638145 20.587651
369.037564 678.234239
462.887508 909.683535
421.472408 823.861363
160.626147 210.761070
244.672348 412.360480
326.024459 604.996668
138.920055 169.303013
355.309689 691.874260
246.381031 439.398727
-31.946388 -223.407576
270.606179 530.535943
-73.983180 -310.601647
367.942421 782.533546
339.120626 724.482193
28.862813 -31.947625
327.792321 738.022507
120.701995 221.647999
365.226326 868.758053
158.747384 333.213836
174.068152 374.132386
293.112897 684.777701
112.560284 225.882486
398.878931 983.675086
-227.432607 -667.996662
-90.641567 -303.086371
240.444987 605.519401
297.970673 769.536652
351.250644 915.693418
-21.436987 -90.147161
207.876308 559.189743
146.907151 398.207530
221.755121 615.345900
-14.178802 -42.353966
261.357353 744.648293
-136.637155 -377.692139
-7.643644 0.030415
-1.577541 29.653693
277.865706 882.957484
170.004512 581.617703
-101.848250 -236.549824
175.406596 616.290828
94.494625 389.342047
-110.871209 -245.827815
-144.279012 -349.533313
104.234936 450.528058
-286.820562 -790.846791
100.897955 453.758257
19.386496 203.987870
-126.210003 -266.074479
139.297685 605.649958
106.357366 519.305283
-40.768783 32.159766
61.047182 399.443498
-12.066808 156.191720
-66.640275 -6.928418
-21.733332 151.584118
92.282352 550.323625
-301.635523 -822.389601
137.999604 721.282482
-130.591290 -220.884340
200.198186 946.232287
192.717172 935.890463
186.707110 925.664286
-57.294473 58.635219
-267.081101 -692.897426
173.641953 897.606651
110.141136 673.182584
176.802660 923.012799
104.682354 663.141423
-27.352527 199.942352
77.027901 597.273689
-101.627210 -44.517030
-5.187261 328.622257
34.453849 527.757486
-164.845703 -259.349882
-221.367047 -481.397623
0.941911 412.341887
-69.716015 159.199878
11.868083 494.402491
-56.724208 220.910986
45.215582 643.956988
10.147939 521.076685
46.009933 674.998850
41.294862 656.357267
110.993712 955.537052
-194.857759 -333.306774
-35.803580 356.950601
-221.791966 -441.084191
92.791171 925.699347
57.332363 772.458192
-242.110856 -502.622140
-47.048594 384.977144
-115.561083 76.439552
-263.161186 -591.393949
-74.090617 283.011826
-45.661921 434.849184
-105.790398 234.190661
0.642694 769.522976
-260.203142 -539.951866
-52.401710 511.521744
-181.636563 -133.748017
-83.031571 378.582159
-163.990710 -34.405300
-29.960453 657.857277
-119.977795 222.085312
-249.757728 -461.309913
-164.332125 6.727421
-87.984916 419.593935
-15.043305 825.852008
5.541350 948.170905
-227.986500 -322.420581
-40.617352 715.781757
-106.685034 362.017066
-41.577553 777.909052
-76.792948 576.764559
-252.219048 -413.965400
-295.371038 -653.616831
-161.034802 187.633343
-92.551874 658.551261
-274.503602 -500.212460
-98.860950 655.856743
-261.917819 -403.906325
-80.943175 812.372291
-81.735377 830.109137
-154.705187 340.767307
-107.019683 683.031216
-259.314418 -362.636109
-87.447163 831.312977
-129.101168 548.239507
-249.205853 -249.466997
-123.361885 692.365368
-179.973851 285.627355
-202.791140 131.335401
-159.955539 464.776038
-138.610242 646.709064
-302.100693 -617.984419
-118.596583 841.974266
-131.647021 854.209253
-165.084830 589.753449
-132.028970 883.067260
-126.172345 996.285502
-199.332161 354.415313
-150.622106 807.617056
-203.077633 414.492031
-195.482693 554.705424
-207.858033 443.240385
-294.004359 -417.446221
-273.193079 -195.053636
-271.503163 -177.046512
-208.998609 471.260331
-163.378492 979.325206
-169.481540 947.818161
-269.775369 -125.505378
-171.636222 970.744615
-260.961547 36.672996
-202.330663 734.308518
-211.579793 639.815181
-232.139553 435.305332
-265.336320 92.331209
-239.493808 434.832650
-264.638937 137.527934
-222.730164 692.001573
-332.204688 -745.081177
-242.352831 520.489455
-296.522980 -230.086332
-222.110614 853.713528
-221.160481 958.546281
-258.088835 480.473556
-314.779428 -361.785854
-283.938625 190.004910
-262.921685 580.196800
-286.428578 180.867593
-300.612108 -21.971752
-269.106059 639.461510
-263.570070 809.458647
-308.769807 -49.465440
-267.993010 928.617726
-299.877526 186.125293
-318.588533 -236.471478
-281.227100 670.635845
-296.936825 400.173855
-288.672920 627.874496
-281.088913 910.638429
-299.659822 468.444042
-284.651573 954.628767
-316.159788 36.415165
-289.449027 865.128516
-316.354393 129.716647
-315.357450 170.313342
-300.214788 761.888102
-349.372638 -945.792614
-328.139962 244.055325
-326.905730 356.865087
-318.935641 941.616118
-327.184381 448.055534
-331.898669 257.802081
-339.543213 586.982548
-343.068908 533.939643
-346.276441 124.007211
-347.768351 249.347677
-350.299514 674.698356
-358.141531 625.669007
-357.371652 -74.561342
-369.548162 229.053749
-360.718248 -347.023536
-377.312888 644.670925
-376.983413 470.283640
-354.541156 -775.406972
-375.224939 223.621086
-394.344692 934.948952
-385.739842 324.146103
-401.727311 915.812205
-364.497177 -553.713589
-412.652563 908.734264
-393.217268 183.386524
-428.598142 803.743134
-367.692066 -629.782512
-431.234827 709.299807
-358.119604 -831.870466
-422.687884 497.751518
-449.249514 878.893371
-449.194053 862.270638
-438.361488 592.102259
-364.357906 -755.741230
-379.320082 -534.389635
-417.069739 -1.483219
-472.232398 800.146237
-432.048577 205.655252
-432.884044 205.725706
-406.008032 -187.220903
-459.969380 593.696513
-400.494314 -274.774695
-491.632492 939.143447
-487.613670 858.730244
-478.552284 701.166688
-472.051458 611.038825
-497.851626 922.878967
-473.856626 518.713840
-453.654524 189.902334
-531.947383 993.212086
-478.992594 407.237078
-476.226812 298.983720
-479.933987 278.342596
-541.437412 864.127947
-538.343263 753.305301
-390.274992 -625.698240
-569.886440 997.257137
-493.515231 268.348935
-575.527109 976.972716
-547.275016 685.597151
-469.436854 11.190396
-552.881732 694.777501
-576.830418 880.960736
-496.449925 154.971431
-570.107739 731.856227
-526.846499 391.642300
-553.371143 583.436297
-508.742288 230.131753
-575.990459 739.693848
-475.739715 -48.620208
-510.856281 209.524451
-516.422337 229.236791
-618.858830 978.747741
-534.626941 339.808803
-552.326125 411.053145
-643.237873 951.642487
-545.221016 283.365930
-550.403254 302.248679
-502.178841 -23.582706
-648.070992 898.539825
-619.593735 704.534147
-663.247318 948.254436
-642.526064 800.960321
-593.611715 493.176696
-600.863188 469.848230
-507.005746 -78.751912
-580.937795 349.171139
-445.561617 -442.980707
-643.206539 699.400344
-604.299323 470.705645
-537.658205 85.220596
-629.878610 606.363332
-531.877946 33.305077
-455.010258 -411.646610
-684.182160 848.190628
-542.478106 47.102466
-567.637500 181.625825
-671.518875 739.317659
-675.549430 744.321224
-689.821626 782.598131
-706.744460 858.426029
-575.594940 168.919677
-654.272173 558.706764
-672.282527 600.262806
-664.988885 557.783451
-756.829313 974.877984
-759.041183 982.013605
-710.039204 722.936017
-626.598371 304.585270
-690.947807 598.013390
-768.557974 942.883896
-724.232009 707.924573
-611.661634 194.731700
-584.416455 51.377442
-708.547534 589.603845
-566.106808 -44.349643
-773.375092 866.534102
-691.727624 496.557155
-681.119707 449.587123
-434.006562 -629.677919
-461.964408 -509.971168
-506.412634 -320.921079
-782.282971 866.309239
-817.333489 994.665900
-725.340991 580.806435
-692.717241 415.456320
-639.127088 194.437435
-611.729005 59.162386
-831.584853 924.824400
-710.619681 429.146909
-687.285101 331.062321
-776.101096 677.625825
-837.709115 885.375288
-567.811212 -177.447201
-854.281101 885.952782
-494.626671 -465.201022
-776.202760 560.278360
-670.265715 161.787079
-817.818989 692.252979
-697.172299 237.181001
-781.749494 525.815657
-835.148620 676.873024
-857.251459 740.980416
-465.332633 -604.968207
-838.647243 651.268689
-619.486656 -92.847046
-576.017486 -243.320223
-897.201299 821.678503
-910.088139 857.384440
-922.503393 892.468396
-810.964145 516.641170
-903.239600 805.617291
-835.058123 567.875322
-809.551313 468.027227
-909.995228 780.222110
-632.555188 -106.019311
-899.828609 715.096110
-744.477982 202.967564
-531.603608 -448.738087
-872.595026 568.244527
-750.952447 202.623742
-801.142085 351.664111
-965.891231 806.059783
-698.098827 17.944435
-713.328363 55.356052
-613.169788 -247.779585
-922.285480 598.524501
-679.266738 -83.991812
-647.758707 -174.324347
-882.109019 443.954393
-486.098034 -627.385547
-449.976253 -725.171343
-728.581230 9.929833
-902.351064 466.847050
-461.745714 -699.296889
-722.030822 -17.315600
-838.402996 267.345459
-977.581800 617.719214
-949.544229 542.320916
-588.107766 -387.259762
-912.847284 433.462784
-981.904456 601.098700
-832.609447 216.416239
-958.906343 523.129060
-479.413523 -675.037089
-729.852067 -65.695078
-931.900455 412.492941
-888.875016 305.605375
-992.166543 552.691817
-649.056126 -277.374817
-468.675479 -711.062492
-967.077547 467.747796
-993.910854 521.632875
-685.795112 -216.296613
-744.409447 -90.947177
-734.608562 -114.852665
-924.233309 307.749354
-924.529170 296.517544
-965.064482 377.168897
-827.610904 61.589991
-739.414131 -135.792625
-722.714395 -174.183972
-895.280970 204.717065
-934.912567 285.919559
-865.793575 119.881355
-927.606615 251.986219
-981.838228 353.864637
-647.127688 -374.236713
-546.075222 -594.462339
-730.765473 -226.565411
-992.254570 295.843944
-528.187613 -639.597904
-769.028140 -174.754530
-945.466179 157.499414
-706.981217 -305.057809
-501.782215 -715.493039
-926.978565 63.164329
-957.999432 116.728184
-959.693267 109.107251
-823.926147 -139.411229
-752.617222 -286.968036
-853.845283 -117.413560
-783.342850 -241.345223
-961.036007 60.923450
-690.833838 -408.888536
-811.641465 -203.697072
-980.818832 54.490519
-692.699325 -431.447465
-603.240603 -585.097214
-601.383684 -592.312729
-780.585426 -306.500321
-920.819887 -115.830269
-610.316996 -599.734251
-956.274252 -92.958051
-615.090357 -602.453350
-962.169723 -95.901573
-845.626756 -278.647103
-900.582330 -203.795147
-935.895749 -162.532294
-705.187827 -492.510759
-882.738015 -248.558511
-551.428759 -712.534784
-945.199552 -166.117797
-528.533128 -745.968777
-910.896558 -218.165042
-858.573953 -292.565797
-773.975162 -415.041269
-930.859620 -216.845235
-854.759902 -330.275597
-710.779790 -526.518214
-784.229532 -441.268969
-832.281775 -394.959911
-884.040577 -368.687045
-989.101345 -255.968190
-999.748947 -246.534703
-566.077801 -752.847733
-666.188679 -643.227225
-536.106901 -789.926273
-802.151184 -500.137251
-425.878947 -911.483292
-996.199575 -358.240083
-992.903882 -364.363782
-930.059111 -427.097450
-966.729620 -418.555010
-787.712036 -587.211664
-519.946319 -838.559426
-894.354908 -523.724174
-688.246382 -702.570159
-837.445097 -574.343975
-705.125002 -688.447083
-759.795750 -647.220611
-899.362363 -553.647415
-966.335674 -509.396711
-726.443599 -718.091971
-804.286630 -668.263677
-578.581761 -830.521057
-984.016673 -598.150045
-539.571837 -884.654474
-890.456871 -700.980583
-842.945932 -736.403836
-590.659328 -869.886747
-408.502481 -964.012099
-455.071515 -945.737125
-816.922782 -785.568962
-846.005981 -800.802299
-739.443240 -847.926010
-716.716427 -858.495504
-857.970689 -829.276978
-928.758732 -814.459630
-698.752967 -893.546108
-796.950921 -872.023865
-582.932639 -935.025887
-797.767424 -894.080404
-570.133738 -953.172603
-683.386507 -935.141688
-790.531533 -916.405647
-949.588422 -902.458957
-838.760765 -922.768230
-905.336215 -914.787166
-979.281396 -907.533954
-528.933578 -972.925512
-635.577467 -963.092309
-934.952976 -951.739402
-925.565209 -957.054716
-777.971100 -982.126221
-561.023772 -989.839075
-548.727234 -992.468234
